0 150 171 188 220 227 228 234 235 236 247 248 251 252 259 266 269 273 278 281 298
1 46 220 225 233 247 249 252
2 155 165 169 236 240 244 252 265 272
3 114 186 203 227 252 263 270 276 282 290 296
4 102 157 169 180 185 222 230 237 240 242 246 247 249 252 273 274 289
5 143 241 243 246 248 253 256 257 260 293 295 297
6 175 221 236 247 248 262 265 291 295 298
7 159 196 261 267 283 297
8 204 210 228 231 242 243 253 257
9 172 192 200 205 206 212 227 228 246 249 251 253 259 278 290
10 166 170 229 242 243 247 249 262 287 288
11 18 227 228 229 230 231 241 244 246 247 249 250 251 253 256 260
12 11 40 119 161 193 203 212 224 227 239 248 252 279
13 1 7 17 30 31 101 103 138 159 166 173 176 198 205 238 286
14 170 197 198 219 225 237 255 278 293 296
15 170 199 217 270 273 292 298
16 158 187 221 231 233 252 263 275 280
17 153 177 194 205 207 213 224 230 238 242 245 253 266 272 299
18 166 171 172 175 194 247 257 258 259 280 297
19 161 173 193 214 246 248 249 253 279 297
20 73 102 161 168 179 241 280
21 67 121 155 156 228 229 230 233 237 238 246 249 251 253 254 255 258 260 292
22 48 69 113 123 195 220 230 231 233 247 249 252 253 262 288 298
23 174 189 233 249 286
24 73 226 227 229 230 236 237 238 241 242 248 253 258 262 263 270 286 290
25 165 189 199 208 237 241 242 251 260 271 287
26 4 48 63 136 152 166 168 213 252 275 290
27 68 129 150 155 197 199 218 242 248 251 252 273
28 154 195 218 293
29 154 158 160 172 221 233 240 267 273 275
30 150 153 158 189 216 217 219 224 247 249 250 252 253 256 257 263 279 285 288 295
31 167 177 178 210 219 222 223 248 249 254 264 265 278 290 291
32 157 167 199 229 246 248 249 252 253
33 231 243 248 256 267 291 294
34 201 229 235 238 241 242 249 252 257 262 263 266 287
35 67 144 181 182 227 235 236 237 238 241 247 252 253 260
36 203 206 245 246 257 266 269 272 291 292 294 295
37 175 199 231 237 251 285
38 224 228 232 233 234 235 241 244 248 253 263 271 282 283 285 290 295
39 166 231 235 244 257 266 269 272 276 278 279 280 287 291 292
40 46 155 159 172 176 184 194 199 228 235 243 245 249 250 271 286 287
41 161 164 168 179 183 214 221 224 232 246 254 276 280 287 299
42 167 171 173 174 200 209 240 244 262 267 288 297
43 234 235 236 237 242 250 269 272 273 279 285 287 288 294
44 22 174 187 191 197 249 252 268 288 295
45 161 191 193 196 200 218 249
46 101 126 155 157 167 184 199 205 226 227 246 250 251 252 268 299
47 2 18 65 72 152 156 171 223 244 260 265 269 278 281 283 290
48 68 157 158 179 221 224 234 248 253 279 282 291
49 164 176 177 198 199 200 215 238 244 259 264 280 292 298
50 213 267 282 296
51 58 75 120 153 155 161 189 193 200 224 229 247 249 258 273
52 228 229 256 260 263 276 290 292 297
53 3 83 116 192 193 225 254 268
54 155 159 161 170 195 196 197 203 209 210 217 223 227 229 272 273 290 293 298
55 151 182 208 228 241 246 252 260 269 277 279 282
56 0 88 101 120 155 174 199 217 223 252 268 276 288 297 299
57 167 173 190 193 198 209 238 244 245 250 267 278 284
58 71 88 120 136 228 229 247 252 262 285 288 290 291
59 155 176 250 252 253 273 286
60 34 67 174 178 189 219 229 256 264 272 286
61 175 213 233 249 278 291 296
62 161 168 191 204 217 229 233 246 249 252 257 264 291
63 143 157 165 184 187 188 199 218 220 226 247 248 250 251 253 263 292
64 153 155 173 200 228 229 235 237 241 262 263 297
65 161 179 183 186 196 208 214 231 244 267 268 295
66 155 157 158 169 174 194 197 199 209 211 231 233 236 275 279 294
67 200 246 249 250 252 279
68 72 75 144 175 188 198 244 246 247 248 249 250 252 253 259 260 267
69 162 206 249 251 269 292
70 78 156 226 231 241 249 250 251 252 256 260 270 299
71 42 104 142 159 165 199 212 216 218 247 252 295
72 162 220 233 236 246 282 295
73 18 62 151 155 199 220 227 254 257 264
74 155 200 212 256 257 264 273
75 62 187 201 237 244 246 247 252 296
76 12 175 250
77 150 188 193 236 247 249 252 255 279 298
78 167 184 187 236
79 13 47 74 151 174 182 183 217 224 229 232 243 246 249 252 253 254 259 264 276 287 288 299
80 224 236 246 249 254 265 279 291 293
81 77 151 158 160 165 182 184 191 199 218 238 239 242 247 248 249 251 252 267 284
82 150 157 229 244 250 252 284
83 164 166 172 180 194 206 214 221 233 234 246 248 257 268 295 298
84 150 154 168 174 175 214 219 223 229 233 234 243 246 254 262 267 272 294
85 49 133 149 150 155 164 165 197 199 252 253 264
86 187 194 224 227 228 231 237 243 244 248 250 252 262 285
87 158 169 178 180 182 199 241 249 263 266 267 279 284 296 297
88 152 182 210 212 217 223 257 261 286 297
89 21 78 99 129 133 155 187 212 231 235 290 291
90 153 159 178 193 212 224 249 279 288
91 33 99 119 162 164 178 212 219 227 228 229 247 297
92 227 228 235 260 266 290 292 296
93 155 157 165 167 188 223 233 246 249 252 262 268 288
94 170 173 201 236 249 292 296
95 174 186 223 227 233 235 247 252 278 288
96 106 172 177 188 195 233 240 246 247 249 250 252 256 257 260 262
97 224 230 233 237 241 252 257
98 189 191 217 237 241 264 290
99 119 156 162 163 164 173 188 201 203 207 213 214 219 220 246 248 251 256 263 268 291
100 91 116 159 191 231 247 268 297
101 2 77 112 162 174 178 187 188 192 198 200 212 223 233 246 247 251 252 267 277 290
102 236 237 241 250 251 252 257
103 36 155 157 171 184 197 218 227 244 247 251 252 253 259 266 268 293
104 67 93 227 251 259 260
105 143 150 165 180 194 226 275 277 294 296 297 298
106 150 178 192 200 212 237 246 248 249 251 273 274 277
107 243 246 247 260 263 264 267 295
108 198 233 267 295
109 15 35 41 43 47 75 93 103 105 123 126 142 143 165 183 213 225 242 252 266 278 292
110 0 207 227 228 229 230 231 243 249 251 252 253 254 256 258 259 261 262 291
111 92 240 242 251 256 263 267
112 191 195 214 223 233 238 241 252 266 279 295 296
113 173 212 220 223 233 234 291
114 169 173 193 262 279
115 59 138 145 148 153 158 179 193 214 221 234 246 248 249 256 263 280
116 32 89 153 178 187 193 224 227 229 248 249 253 257 259 260 263 273 279
117 0 18 19 67 100 121 158 200 213 224 229 236 243 282 298
118 174 187 236 250 252 288
119 46 160 166 243 246 248 252 272 297 299
120 208 227 247 252 288 290 297
121 188 193 224 264 282
122 161 162 164 177 190 191 203 223 257 264 271 272 295 297 299
123 213 233 256 262 280 287 288 292
124 151 161 203 207 210 216 243 245 254 271
125 167 187 200 207 244 268 273 281 286 292
126 0 18 54 96 97 99 100 101 102 105 148 224 240 242 247 248 249 252 253 262 263 280 283
127 55 166 201 225 231 237 238 241 250 253 264 278 283 285
128 18 24 49 51 54 74 78 87 98 102 133 144 210
129 49 71 74 96 97 99 102 103 125 129 137 146
130 0 37 49 71 78 80 87 96 99 100 101 117 120 121 133 138 144 205
131 6 8 62 99 107 114 146
132 0 4 32 49 68 90 98 99 100 101 102 103 118 120 133 141 149
133 49 71 77 80 85 87 93 96 97 98 99 101 102 112 113 120 121 136 145 148 186
134 0 33 71 90 91 96 98 112 120 121 136 137 141 142 219
135 0 36 78 84 85 96 99 105 108 112 113 114 129 142 282
136 89 97 99 100 102 112 114 129 134 143 145 146 148 159 188 206
137 0 68 78 80 121 122 141 142 149
138 79 87
139 1 13 73 74 82 98 99 100 101 103 110 123 147
140 0 18 19 21 49 50 54 66 71 80 88 96 97 99 100 101 117 120 121 131 132 137
141 7 13 16 21 43 53 63 67 75 89 102 106 108 131 147 148 149
142 7 41 43 51 67 83 90 96 98 116 126 130 138 146
143 0 51 59 78 80 87 90 97 98 99 101 102 137 146 148 160 285
144 0 7 18 77 89 90 98 108 109 119 133 147
145 0 61 93 99 100 102 103 119 123 151 212 275
146 2 10 19 46 90 117
147 19 75 118 120 141
148 0 21 42 44 58 67 76 80 96 98 99 108 115 129 139
149 0 9 19 36 49 68 99 133 149 252
150 21 24 33 76 84 89 90 98 99 111 116 119 121 126 133 136 143 147
151 0 60 79 80 82 83 84 94 95 98 103 104 107 112 114 131 135 137 149 198 219
152 80 98 121 141 146
153 16 54 72 107 118 128 203
154 0 21 25 42 90 97 114 134 143 146 154 158 193 210 214 221 224 246 248 267 280 282 291
155 96 100 102 103 112 137 147 233
156 0 3 9 25 36 38 48 64 69 92 96 97 98 99 101 102 119 153 208 221
157 6 100 102 108 120 128 141 163 169 170 176 196 197 200 249 258 266 273 281
158 0 27 99 103 104 105 107 109 129 162
159 49 68 75 98 99 101 102 120 133 136 141 142 149 283
160 2 4 101
161 0 7 37 90 102 118 126 143 144 168
162 0 19 58 67 100 137
163 23 27 35 90 95 107 119 131 142 155 157 210 246 293 298
164 59 74 80 103 184 206 213 215 234 238 240 248 292
165 7 9 36 49 90 109 131 138 140 143 154 186
166 22 33 49 87 88 97 98 100 109 114 118 120 141 142 149
167 46 57 68 91 92 118 120 133 141 142
168 0 90 98 120 142 143 146 171 200
169 118 141 144
170 0 2 62 85 87 114
171 0 80 81 84 85 88 91 93 95 97 99 101 102 105 106 109 122 129 142 164 251
172 0 72 80 98 117 121 133 138
173 0 13 29 43 52 73 74 99 100 101 102 103 110 123 130 146 147
174 0 36 48 90 102 118 120 130 133
175 4 97 98 103 121 137
176 0 91 99 120 133 134 137
177 0 4 9 10 48 101 137 142 149 166
178 0 42 67 81 83 98 100 101 102 115 125 129 144
179 9 27 49 58 73 80 86 96 98 100 102 115 120 125 129 133 138 139 148 290
180 72 78 80 81 89 90 91 93 96 101 103 104 105 106 107 108 110 112 113 129 142 278
181 2 12 56 58 67 80 94 99 101 106 129 138 142
182 0 34 36 38 48 98 99 101 119 160
183 1 4 13 19 25 44 60 63 69 79 83 92 105 126 137
184 0 66 72 98 107 109 119 122 127 137 144 149 254
185 99 101 102 120 137 142
186 0 40 66 90 98 99 101 102 133 134 241 283
187 0 49 101 118 126 295
188 0 78 80 90 97 98 138
189 9 34 36 49 80 86 88 90 96 99 101 121 122 132 137
190 78 79 84 85 86 88 95 100 101 102 103 105 108 123 129 142 144 147
191 0 8 16 26 53 84 96 97 98 99 100 101 102 104 105 116 147 157 165 236 263 299
192 46 58 92 142
193 3 7 15 55 59 90 96 115 119 123 125 126 129 134 143 144 146 262
194 0 80 101 104 120 121 147 148
195 0 77 79 80 84 85 87 97 98 99 101 103 107 127
196 3 51 80
197 3 19 21 66 77 80 95 96 101 102 110 113 117 137 138
198 0 8 62 97 98 99 104 107 109 123 139 144 271
199 2 5 8 23 24 25 33 45 62 79 80 87 91 95 97 104 117 120 137 141 146 148
200 9 21 32 40 49 61 83 90 91 94 97 98 99 101 102 120 122 132 143 146 276
201 2 10 99 121
202 8 20 21 25 26 75 76 79 84 88 96 97 99 102 120 124 127 132 134 135 137 146 182 291
203 90 98 99 102 129 137 138 142 143 145 147
204 9 10 24 26 48 50 59 66 90 101 118 133 141 142
205 0 3 38 118 121
206 10 62 68 73 79 96 97 99 102 114 138 144
207 6 16 20 24 33 42 44 45 57 68 72 97 105 117 127 135 137 141 143 144 146 147 243
208 9 54 99 114 120 126 129 134 142 149
209 11 20 26 28 29 30 82 83 85 86 88 96 98 99 101 102 103 104 105 107 110 128 137 141
210 62 71 82 95 99 100 102 104 106 113 114 116 120 121 129
211 0 3 18 71 78 98 101 102 125 137 144 178
212 0 16 18 24 33 34 71 83 88 102 107 118 123 133 136 138 141 162
213 1 2 8 11 15 37 71 74 79 92 103 123 140 148 157 178 248 254 271
214 5 7 12 72 78 84 97 100 103 108 109 122 132 133 147
215 35 67 76 79 84 100 110 133 141 142
216 1 3 4 5 6 7 44 79 101 113 120 121 125 128 130
217 34 51 114 125 138
218 14 72 77 78 84 86 89 94 95 96 98 106 109 114 116 117 138 142 148 247 292
219 4 9 10 75 79 107 118 134 142
220 16 49 68 87 136
221 5 38 71 80 83 88 91 93 105 112 120 121
222 0 74 77 79 83 84 86 88 94 97 98 100 101 102 103 105 108 111 125 130 136 141 147 253
223 71 74 80 90 106 107 111 115 126 139 143 220 228 272
224 0 21 60 61 66 70 71 88 94 97 98 100 102 122 132 136 137 139 142 144
225 0 54 87 90 107 141 142 184
226 71 93 104 105 107 132 154 181 188 208 246 267
227 0 84 85 86 87 88 96 104 106 107 111 114 125 126 129 142 143 145 185
228 0 71 78 80 103 107 117 129 133 138 148
229 0 7 49 71 87 99 101 114 120 121 136 142 143
230 0 9 49 79 80 99 101 120 136 138
231 22 36 101 113 115 131 138 141 149 275
232 8 83 88 100 108 109
233 4 68 79 90 118 133 214
234 85 92 99 102 107 113 119 120 126 129 134 265
235 51 80 87 102 107 112 114 121 133 144 147 148
236 0 69 78 80 83 94 95 96 97 98 99 100 111 113 182 189 215 246 247 248 249 250 251 253
237 0 8 21 26 31 66 84 98 99 104 105 116 122 143 145 147 192 276
238 15 38 59 71 102 112 159 160 188 218 235 264
239 23 36 85 89 90 110 113 116 118 120 121 122 124 131 133 134 136 142 145 149
240 0 1 26 38 47 50 55 59 70 76 84 85 88 96 97 99 101 102 110 119 126 139
241 0 13 21 43 73 96 97 99 101 103 105 123 137
242 0 76 80 89 102 105 112 116 127 133 135 138
243 0 7 78 90 102 120 121 133 134 136
244 0 102 120 126 133 149
245 0 81 83 85 87 88 94 95 96 97 98 99 101 103 104 105 108 109 110 111 115 146 288
246 4 9 24 26 49 59 70 78 92 102 117 120 133 134
247 0 1 21 29 49 66 74 76 77 92 97 98 99 100 108 110 121 122 124 136 137 263 283
248 2 8 62 79 125
249 11 13 35 43 55 58 73 99 103 128 139 144 214
250 79 80 87 118 121 136 148
251 12 40 43 49 52 54 58 78 92 121 123 135 138 146 148
252 79 120 136
253 14 21 46 72 84 96 147 290
254 6 24 51 54 80 98 101 138 252
255 16 22 24 33 34 36 51 79 98 112 114 120 123 125 144
256 0 17 36 42 49 58 67 71 86 96 97 98 101 102 120 125 129 136 139 144
257 0 12 19 45 68 80 82 87 117 138 143
258 2 6 8 62 64 122
259 49 133 137 142
260 0 62 120 121
261 0 32 40 48 49 57 71 90 92 99 120 134 137 142 290
262 78 79 87 90 91 97 98 99 102 104 117 118 119 131 133 134 137 138 142 144 147
263 43 67 68 92 136 141 146 171 195 196 229 232 250 277 279 285
264 0 38 40 56 71 72 81 86 97 98 103 115 116 119 120 123 125 136 144
265 0 36 48 49 63 78 90 99 100 101 103 107 109 133 239
266 0 49 78 86 88 96 98 99 101 112 117 120 121 125 144 148 158 294
267 0 1 25 74 97 100 101 102 103 115 122 123 125 129 144 163 194 241 266 271
268 2 3 12 45 46 49 50 71 85 104 118 120 123 138 142 145 260
269 0 74 102 103 107 136 142 144
270 0 78 96 99 103 136 137 297
271 0 19 23 58 64 67 71 80 85 86 93 101 102 125 129 144 145
272 90 104 105 113 117 122 133 146 206 212 214 219 229 243 247 257 264
273 19 36 49 99 102 119 120 125 134 143 290
274 0 6 34 36 51 71 80 83 97 98 99 100 119 121 133 138 173
275 0 5 16 24 26 76 88 92 103 114 118 122 129 134 136 138 144 146
276 0 78 80 87 90 100 103 108 111 127 134
277 2 6 7 22 24 52 62 80 82 93 166 172 186 188 196 205 208 235 248 255 265 266 293 296
278 4 9 40 49 129 133 136 147
279 10 19 36 63 90 99 118 120 133
280 79
281 32 80 84 93 96 144 147 148
282 4 9 10 36 39 57 63 75 90 97 98 99 100 118 137 141 163 213
283 10 24 38 48 57 88 90 96 99 126 133 134 139 147 149
284 20 37 48 58 68 116 123 130 144 150 191 236
285 7 77 81 82 88 95 96 102 103 121 122 126 136 137 146
286 0 4 15 81 94 96 97 98 99 101 102 108 143 144 145 147 148 167 183 199 200 225 244
287 0 49 71 78 92 101 107 114 120 138
288 0 10 36 74 75 99 102 118 120 126 133 137 141 142
289 36 38 48 50 78 80 96 98 119 137